IPSNR=[-0.864832087589285, 0.8719340832929205, 1.0661478014047816]
val_IPSNR=[3.340759547473642, 3.704000717745764, 2.0756810194546773]