loss=[0.05505939502126116, 0.03213272937347212, 0.030901929464791436]
val_loss=[0.05632589303027688, 0.05374310334228019, 0.05903788654502222]