PSNR=[19.91279066529725, 21.649556836179457, 21.843770554291318]
val_PSNR=[21.96317889316023, 22.32642006343235, 20.698100365141265]