IPSNR=[-4.871370623021068, -4.867081246394747, -4.868152391076205, -4.8670705744291745, -4.866333143576686]
val_IPSNR=[-3.0239787254937944, -3.0239787254937944, -3.0239787254937944, -3.0239787254937944, -3.0239787254937944]