loss=[0.457164460912757, 0.4288891672131118, 0.42887111172216746, 0.42887088082252295, 0.42887122163531977]
val_loss=[0.49383915371673054, 0.493768957465194, 0.4937679719093234, 0.49376841686492745, 0.4937684764695722]