PSNR=[9.715249957294638, 9.71953933392096, 9.718468189239502, 9.719550005886532, 9.72028743673902]
val_PSNR=[9.194563178128975, 9.194563178128975, 9.194563178128975, 9.194563178128975, 9.194563178128975]