IPSNR=[0.6594930144816082, 0.9064735520076574, 0.9063411152316156, 0.9186971841891207, 0.8971840803434201, -0.7071948650906368, 0.14905731744782358, -0.20578900201810235, -0.1400309106863702, 0.04035457114322405, -1.562013724036694, -1.7642430914441842, -1.4438079132459567, -1.5929799504054287, -1.7521523729429482, -1.050883791477851, -0.7354756256092916, -0.865092834096659, -0.7823736916542341, -0.8509070379152988, 0.2535121236215758, 0.49584545655792667, 0.18197534579397434, 0.46059008876191854, 0.3997087421544805]
val_IPSNR=[0.5164576257573881, 0.7718357389939268, 0.9019993115492912, 0.8789915000473218, 0.6899333237405312, 0.7963036646866399, 0.2565242816039177, 0.759323537507294, 0.6033192056745857, 0.8704233517670232, 0.6929192281236354, 0.47983824806669517, -0.6009544035533274, -1.910410316719993, 0.29663279044585344, -1.0622158478669075, 0.7547221060598872, 0.37256584488193845, 0.45650397222220995, -0.07179292258316572, -2.0326958685230494, -0.7154647678640131, -1.5694489990366183, 0.26719403144050524, 0.45811454794253237]