loss=[1.1664027353164865, 0.15946840524061848, 0.15931241728587828, 0.15938131536695346, 0.15972785301163644, 0.43695302483992593, 0.17510290292439737, 0.21272471235980364, 0.19521503496181333, 0.1844202622140974, 0.15181031495281685, 0.216387824202169, 0.13037840689672794, 0.15654593700815214, 0.18971049858333722, 0.26345258829562357, 0.20544371011211923, 0.22693403709475715, 0.21971777393631467, 0.23080873238050367, 0.3011065697937738, 0.270000875605127, 0.9712664343443556, 0.2568856354919262, 0.2601445463862127]
val_loss=[0.13206227481646768, 0.12714803524228724, 0.12482724189866594, 0.12421994448942673, 0.12771052116159956, 0.12585903771849738, 0.1400027272432263, 0.1274456332145302, 0.1393860495746742, 0.12526593729312163, 0.12728569503916903, 0.1323387689325352, 0.1716843391335461, 0.22816978346253203, 0.1376023929143801, 0.18076376483754017, 0.1270108978036618, 0.13633046196340476, 0.13917754055000842, 0.14763033303410508, 0.2572728578694338, 0.18195383129424827, 0.21514984032918893, 0.13942103672144546, 0.13524525072750485]