PSNR=[13.899376874242849, 14.146357411768898, 14.146224974992856, 14.158581043950361, 14.13706794010466, 12.942468434948513, 13.798720617486973, 13.443874298021047, 13.50963238935278, 13.690017871182373, 15.287076597616553, 15.084847230209062, 15.40528240840729, 15.256110371247818, 15.096937948710298, 12.89095239116721, 13.206360557035769, 13.076743348548401, 13.159462490990826, 13.090929144729762, 12.22454675186712, 12.46688008480347, 12.153009974039518, 12.431624717007463, 12.370743370400024]
val_PSNR=[15.331799559814986, 15.587177673051524, 15.717341245606889, 15.69433343410492, 15.505275257798129, 15.611645598744238, 15.071866215661515, 15.574665471564892, 15.418661139732183, 15.68576528582462, 15.508261162181233, 15.295180182124293, 14.21438753050427, 12.904931617337605, 15.111974724503451, 13.75312608619069, 15.570064040117485, 15.187907778939536, 15.271845906279808, 14.743549011474432, 12.782646065534548, 14.099877166193584, 13.24589293502098, 15.082535965498103, 15.27345648200013]